"CanDo (.cndo) file format version 1.0, Keyao Pan, Laboratory for Computational Biology and Biophysics, Massachusetts Institute of Technology, November 2015"

dnaTop,id,up,down,across,seq
1,1,65,3,2,C
2,2,4,-1,1,G
3,3,1,5,4,C
4,4,6,2,3,G
5,5,3,7,6,C
6,6,8,4,5,G
7,7,5,9,8,T
8,8,10,6,7,A
9,9,7,11,10,T
10,10,12,8,9,A
11,11,9,13,12,T
12,12,14,10,11,A
13,13,11,15,14,G
14,14,16,12,13,C
15,15,13,17,16,A
16,16,18,14,15,T
17,17,15,19,18,C
18,18,20,16,17,G
19,19,17,21,20,G
20,20,22,18,19,C
21,21,19,23,22,T
22,22,24,20,21,A
23,23,21,25,24,T
24,24,26,22,23,A
25,25,23,27,26,G
26,26,28,24,25,C
27,27,25,29,28,G
28,28,30,26,27,C
29,29,27,31,30,A
30,30,32,28,29,T
31,31,29,33,32,G
32,32,34,30,31,C
33,33,31,97,34,T
34,34,36,32,33,A
35,35,99,37,36,T
36,36,38,34,35,A
37,37,35,39,38,G
38,38,40,36,37,C
39,39,37,41,40,A
40,40,42,38,39,T
41,41,39,43,42,T
42,42,44,40,41,A
43,43,41,45,44,A
44,44,46,42,43,T
45,45,43,47,46,G
46,46,48,44,45,C
47,47,45,49,48,A
48,48,112,46,47,T
49,49,47,51,50,C
50,50,52,114,49,G
51,51,49,53,52,G
52,52,54,50,51,C
53,53,51,55,54,G
54,54,56,52,53,C
55,55,53,57,56,T
56,56,58,54,55,A
57,57,55,59,58,T
58,58,60,56,57,A
59,59,57,61,60,T
60,60,62,58,59,A
61,61,59,63,62,T
62,62,64,60,61,A
63,63,61,127,64,T
64,64,-1,62,63,A
65,65,67,1,66,G
66,66,-1,68,65,C
67,67,69,65,68,C
68,68,66,70,67,G
69,69,71,67,70,T
70,70,68,72,69,A
71,71,73,69,72,T
72,72,70,74,71,A
73,73,75,71,74,T
74,74,72,76,73,A
75,75,77,73,76,T
76,76,74,78,75,A
77,77,79,75,78,T
78,78,76,80,77,A
79,79,81,77,80,G
80,80,78,144,79,C
81,81,83,79,82,G
82,82,146,84,81,C
83,83,85,81,84,C
84,84,82,86,83,G
85,85,87,83,86,A
86,86,84,88,85,T
87,87,89,85,88,G
88,88,86,90,87,C
89,89,91,87,90,A
90,90,88,92,89,T
91,91,93,89,92,T
92,92,90,94,91,A
93,93,95,91,94,A
94,94,92,96,93,T
95,95,97,93,96,G
96,96,94,98,95,C
97,97,33,95,98,T
98,98,96,100,97,A
99,99,101,35,100,G
100,100,98,102,99,C
101,101,103,99,102,T
102,102,100,104,101,A
103,103,105,101,104,T
104,104,102,106,103,A
105,105,107,103,106,G
106,106,104,108,105,C
107,107,109,105,108,C
108,108,106,110,107,G
109,109,111,107,110,A
110,110,108,112,109,T
111,111,113,109,112,G
112,112,110,48,111,C
113,113,115,111,114,T
114,114,50,116,113,A
115,115,117,113,116,T
116,116,114,118,115,A
117,117,119,115,118,T
118,118,116,120,117,A
119,119,121,117,120,C
120,120,118,122,119,G
121,121,123,119,122,C
122,122,120,124,121,G
123,123,125,121,124,C
124,124,122,126,123,G
125,125,127,123,126,G
126,126,124,128,125,C
127,127,63,125,128,C
128,128,126,-1,127,G
129,129,193,131,130,C
130,130,132,-1,129,G
131,131,129,133,132,C
132,132,134,130,131,G
133,133,131,135,134,C
134,134,136,132,133,G
135,135,133,137,136,T
136,136,138,134,135,A
137,137,135,139,138,T
138,138,140,136,137,A
139,139,137,141,140,T
140,140,142,138,139,A
141,141,139,143,142,G
142,142,144,140,141,C
143,143,141,145,144,A
144,144,80,142,143,T
145,145,143,147,146,C
146,146,148,82,145,G
147,147,145,149,148,G
148,148,150,146,147,C
149,149,147,151,150,T
150,150,152,148,149,A
151,151,149,153,152,T
152,152,154,150,151,A
153,153,151,155,154,G
154,154,156,152,153,C
155,155,153,157,156,G
156,156,158,154,155,C
157,157,155,159,158,A
158,158,160,156,157,T
159,159,157,161,160,G
160,160,162,158,159,C
161,161,159,225,162,T
162,162,164,160,161,A
163,163,227,165,164,T
164,164,166,162,163,A
165,165,163,167,166,G
166,166,168,164,165,C
167,167,165,169,168,A
168,168,170,166,167,T
169,169,167,171,170,T
170,170,172,168,169,A
171,171,169,173,172,A
172,172,174,170,171,T
173,173,171,175,174,G
174,174,176,172,173,C
175,175,173,177,176,A
176,176,240,174,175,T
177,177,175,179,178,C
178,178,180,242,177,G
179,179,177,181,180,G
180,180,182,178,179,C
181,181,179,183,182,G
182,182,184,180,181,C
183,183,181,185,184,T
184,184,186,182,183,A
185,185,183,187,186,T
186,186,188,184,185,A
187,187,185,189,188,T
188,188,190,186,187,A
189,189,187,191,190,T
190,190,192,188,189,A
191,191,189,255,192,T
192,192,-1,190,191,A
193,193,195,129,194,G
194,194,-1,196,193,C
195,195,197,193,196,C
196,196,194,198,195,G
197,197,199,195,198,T
198,198,196,200,197,A
199,199,201,197,200,T
200,200,198,202,199,A
201,201,203,199,202,T
202,202,200,204,201,A
203,203,205,201,204,T
204,204,202,206,203,A
205,205,207,203,206,T
206,206,204,208,205,A
207,207,209,205,208,G
208,208,206,272,207,C
209,209,211,207,210,G
210,210,274,212,209,C
211,211,213,209,212,C
212,212,210,214,211,G
213,213,215,211,214,A
214,214,212,216,213,T
215,215,217,213,216,G
216,216,214,218,215,C
217,217,219,215,218,A
218,218,216,220,217,T
219,219,221,217,220,T
220,220,218,222,219,A
221,221,223,219,222,A
222,222,220,224,221,T
223,223,225,221,224,G
224,224,222,226,223,C
225,225,161,223,226,T
226,226,224,228,225,A
227,227,229,163,228,G
228,228,226,230,227,C
229,229,231,227,230,T
230,230,228,232,229,A
231,231,233,229,232,T
232,232,230,234,231,A
233,233,235,231,234,G
234,234,232,236,233,C
235,235,237,233,236,C
236,236,234,238,235,G
237,237,239,235,238,A
238,238,236,240,237,T
239,239,241,237,240,G
240,240,238,176,239,C
241,241,243,239,242,T
242,242,178,244,241,A
243,243,245,241,244,T
244,244,242,246,243,A
245,245,247,243,246,T
246,246,244,248,245,A
247,247,249,245,248,C
248,248,246,250,247,G
249,249,251,247,250,C
250,250,248,252,249,G
251,251,253,249,252,C
252,252,250,254,251,G
253,253,255,251,254,G
254,254,252,256,253,C
255,255,191,253,256,C
256,256,254,-1,255,G
257,257,321,259,258,C
258,258,260,-1,257,G
259,259,257,261,260,C
260,260,262,258,259,G
261,261,259,263,262,C
262,262,264,260,261,G
263,263,261,265,264,T
264,264,266,262,263,A
265,265,263,267,266,T
266,266,268,264,265,A
267,267,265,269,268,T
268,268,270,266,267,A
269,269,267,271,270,G
270,270,272,268,269,C
271,271,269,273,272,A
272,272,208,270,271,T
273,273,271,275,274,C
274,274,276,210,273,G
275,275,273,277,276,G
276,276,278,274,275,C
277,277,275,279,278,T
278,278,280,276,277,A
279,279,277,281,280,T
280,280,282,278,279,A
281,281,279,283,282,G
282,282,284,280,281,C
283,283,281,285,284,G
284,284,286,282,283,C
285,285,283,287,286,A
286,286,288,284,285,T
287,287,285,289,288,G
288,288,290,286,287,C
289,289,287,353,290,T
290,290,292,288,289,A
291,291,355,293,292,T
292,292,294,290,291,A
293,293,291,295,294,G
294,294,296,292,293,C
295,295,293,297,296,A
296,296,298,294,295,T
297,297,295,299,298,T
298,298,300,296,297,A
299,299,297,301,300,A
300,300,302,298,299,T
301,301,299,303,302,G
302,302,304,300,301,C
303,303,301,305,304,A
304,304,368,302,303,T
305,305,303,307,306,C
306,306,308,370,305,G
307,307,305,309,308,G
308,308,310,306,307,C
309,309,307,311,310,G
310,310,312,308,309,C
311,311,309,313,312,T
312,312,314,310,311,A
313,313,311,315,314,T
314,314,316,312,313,A
315,315,313,317,316,T
316,316,318,314,315,A
317,317,315,319,318,T
318,318,320,316,317,A
319,319,317,383,320,T
320,320,-1,318,319,A
321,321,323,257,322,G
322,322,-1,324,321,C
323,323,325,321,324,C
324,324,322,326,323,G
325,325,327,323,326,T
326,326,324,328,325,A
327,327,329,325,328,T
328,328,326,330,327,A
329,329,331,327,330,T
330,330,328,332,329,A
331,331,333,329,332,T
332,332,330,334,331,A
333,333,335,331,334,T
334,334,332,336,333,A
335,335,337,333,336,G
336,336,334,400,335,C
337,337,339,335,338,G
338,338,402,340,337,C
339,339,341,337,340,C
340,340,338,342,339,G
341,341,343,339,342,A
342,342,340,344,341,T
343,343,345,341,344,G
344,344,342,346,343,C
345,345,347,343,346,A
346,346,344,348,345,T
347,347,349,345,348,T
348,348,346,350,347,A
349,349,351,347,350,A
350,350,348,352,349,T
351,351,353,349,352,G
352,352,350,354,351,C
353,353,289,351,354,T
354,354,352,356,353,A
355,355,357,291,356,G
356,356,354,358,355,C
357,357,359,355,358,T
358,358,356,360,357,A
359,359,361,357,360,T
360,360,358,362,359,A
361,361,363,359,362,G
362,362,360,364,361,C
363,363,365,361,364,C
364,364,362,366,363,G
365,365,367,363,366,A
366,366,364,368,365,T
367,367,369,365,368,G
368,368,366,304,367,C
369,369,371,367,370,T
370,370,306,372,369,A
371,371,373,369,372,T
372,372,370,374,371,A
373,373,375,371,374,T
374,374,372,376,373,A
375,375,377,373,376,C
376,376,374,378,375,G
377,377,379,375,378,C
378,378,376,380,377,G
379,379,381,377,380,C
380,380,378,382,379,G
381,381,383,379,382,G
382,382,380,384,381,C
383,383,319,381,384,C
384,384,382,-1,383,G
385,385,-1,387,386,T
386,386,388,-1,385,A
387,387,385,389,388,G
388,388,390,386,387,C
389,389,387,391,390,A
390,390,392,388,389,T
391,391,389,393,392,T
392,392,394,390,391,A
393,393,391,395,394,A
394,394,396,392,393,T
395,395,393,397,396,G
396,396,398,394,395,C
397,397,395,399,398,A
398,398,400,396,397,T
399,399,397,401,400,C
400,400,336,398,399,G
401,401,399,403,402,G
402,402,404,338,401,C
403,403,401,405,404,G
404,404,406,402,403,C
405,405,403,407,406,T
406,406,408,404,405,A
407,407,405,409,408,T
408,408,410,406,407,A
409,409,407,411,410,T
410,410,412,408,409,A
411,411,409,413,412,T
412,412,414,410,411,A
413,413,411,415,414,T
414,414,416,412,413,A
415,415,413,417,416,C
416,416,418,414,415,G
417,417,415,419,418,G
418,418,420,416,417,C
419,419,417,421,420,C
420,420,422,418,419,G
421,421,419,423,422,C
422,422,424,420,421,G
423,423,421,425,424,C
424,424,426,422,423,G
425,425,423,427,426,T
426,426,428,424,425,A
427,427,425,429,428,T
428,428,430,426,427,A
429,429,427,431,430,T
430,430,432,428,429,A
431,431,429,433,432,G
432,432,434,430,431,C
433,433,431,435,434,A
434,434,436,432,433,T
435,435,433,437,436,C
436,436,438,434,435,G
437,437,435,439,438,G
438,438,440,436,437,C
439,439,437,441,440,T
440,440,442,438,439,A
441,441,439,443,442,T
442,442,444,440,441,A
443,443,441,445,444,G
444,444,446,442,443,C
445,445,443,447,446,G
446,446,448,444,445,C
447,447,445,-1,448,A
448,448,-1,446,447,T

dNode,"e0(1)","e0(2)","e0(3)"
1,0.000000,0.000000,0.000000
2,0.000000,3.400000,0.000000
3,0.000000,6.800000,0.000000
4,0.000000,10.200000,0.000000
5,0.000000,13.600000,0.000000
6,0.000000,17.000000,0.000000
7,0.000000,20.400000,0.000000
8,0.000000,23.800000,0.000000
9,0.000000,27.200000,0.000000
10,0.000000,30.600000,0.000000
11,0.000000,34.000000,0.000000
12,0.000000,37.400000,0.000000
13,0.000000,40.800000,0.000000
14,0.000000,44.200000,0.000000
15,0.000000,47.600000,0.000000
16,0.000000,51.000000,0.000000
17,0.000000,54.400000,0.000000
18,0.000000,57.800000,0.000000
19,0.000000,61.200000,0.000000
20,0.000000,64.600000,0.000000
21,0.000000,68.000000,0.000000
22,0.000000,71.400000,0.000000
23,0.000000,74.800000,0.000000
24,0.000000,78.200000,0.000000
25,0.000000,81.600000,0.000000
26,0.000000,85.000000,0.000000
27,0.000000,88.400000,0.000000
28,0.000000,91.800000,0.000000
29,0.000000,95.200000,0.000000
30,0.000000,98.600000,0.000000
31,0.000000,102.000000,0.000000
32,0.000000,105.400000,0.000000
33,0.000000,0.000000,-25.000000
34,0.000000,3.400000,-25.000000
35,0.000000,6.800000,-25.000000
36,0.000000,10.200000,-25.000000
37,0.000000,13.600000,-25.000000
38,0.000000,17.000000,-25.000000
39,0.000000,20.400000,-25.000000
40,0.000000,23.800000,-25.000000
41,0.000000,27.200000,-25.000000
42,0.000000,30.600000,-25.000000
43,0.000000,34.000000,-25.000000
44,0.000000,37.400000,-25.000000
45,0.000000,40.800000,-25.000000
46,0.000000,44.200000,-25.000000
47,0.000000,47.600000,-25.000000
48,0.000000,51.000000,-25.000000
49,0.000000,54.400000,-25.000000
50,0.000000,57.800000,-25.000000
51,0.000000,61.200000,-25.000000
52,0.000000,64.600000,-25.000000
53,0.000000,68.000000,-25.000000
54,0.000000,71.400000,-25.000000
55,0.000000,74.800000,-25.000000
56,0.000000,78.200000,-25.000000
57,0.000000,81.600000,-25.000000
58,0.000000,85.000000,-25.000000
59,0.000000,88.400000,-25.000000
60,0.000000,91.800000,-25.000000
61,0.000000,95.200000,-25.000000
62,0.000000,98.600000,-25.000000
63,0.000000,102.000000,-25.000000
64,0.000000,105.400000,-25.000000
65,0.000000,0.000000,-50.000000
66,0.000000,3.400000,-50.000000
67,0.000000,6.800000,-50.000000
68,0.000000,10.200000,-50.000000
69,0.000000,13.600000,-50.000000
70,0.000000,17.000000,-50.000000
71,0.000000,20.400000,-50.000000
72,0.000000,23.800000,-50.000000
73,0.000000,27.200000,-50.000000
74,0.000000,30.600000,-50.000000
75,0.000000,34.000000,-50.000000
76,0.000000,37.400000,-50.000000
77,0.000000,40.800000,-50.000000
78,0.000000,44.200000,-50.000000
79,0.000000,47.600000,-50.000000
80,0.000000,51.000000,-50.000000
81,0.000000,54.400000,-50.000000
82,0.000000,57.800000,-50.000000
83,0.000000,61.200000,-50.000000
84,0.000000,64.600000,-50.000000
85,0.000000,68.000000,-50.000000
86,0.000000,71.400000,-50.000000
87,0.000000,74.800000,-50.000000
88,0.000000,78.200000,-50.000000
89,0.000000,81.600000,-50.000000
90,0.000000,85.000000,-50.000000
91,0.000000,88.400000,-50.000000
92,0.000000,91.800000,-50.000000
93,0.000000,95.200000,-50.000000
94,0.000000,98.600000,-50.000000
95,0.000000,102.000000,-50.000000
96,0.000000,105.400000,-50.000000
97,0.000000,0.000000,-75.000000
98,0.000000,3.400000,-75.000000
99,0.000000,6.800000,-75.000000
100,0.000000,10.200000,-75.000000
101,0.000000,13.600000,-75.000000
102,0.000000,17.000000,-75.000000
103,0.000000,20.400000,-75.000000
104,0.000000,23.800000,-75.000000
105,0.000000,27.200000,-75.000000
106,0.000000,30.600000,-75.000000
107,0.000000,34.000000,-75.000000
108,0.000000,37.400000,-75.000000
109,0.000000,40.800000,-75.000000
110,0.000000,44.200000,-75.000000
111,0.000000,47.600000,-75.000000
112,0.000000,51.000000,-75.000000
113,0.000000,54.400000,-75.000000
114,0.000000,57.800000,-75.000000
115,0.000000,61.200000,-75.000000
116,0.000000,64.600000,-75.000000
117,0.000000,68.000000,-75.000000
118,0.000000,71.400000,-75.000000
119,0.000000,74.800000,-75.000000
120,0.000000,78.200000,-75.000000
121,0.000000,81.600000,-75.000000
122,0.000000,85.000000,-75.000000
123,0.000000,88.400000,-75.000000
124,0.000000,91.800000,-75.000000
125,0.000000,95.200000,-75.000000
126,0.000000,98.600000,-75.000000
127,0.000000,102.000000,-75.000000
128,0.000000,105.400000,-75.000000
129,0.000000,0.000000,-100.000000
130,0.000000,3.400000,-100.000000
131,0.000000,6.800000,-100.000000
132,0.000000,10.200000,-100.000000
133,0.000000,13.600000,-100.000000
134,0.000000,17.000000,-100.000000
135,0.000000,20.400000,-100.000000
136,0.000000,23.800000,-100.000000
137,0.000000,27.200000,-100.000000
138,0.000000,30.600000,-100.000000
139,0.000000,34.000000,-100.000000
140,0.000000,37.400000,-100.000000
141,0.000000,40.800000,-100.000000
142,0.000000,44.200000,-100.000000
143,0.000000,47.600000,-100.000000
144,0.000000,51.000000,-100.000000
145,0.000000,54.400000,-100.000000
146,0.000000,57.800000,-100.000000
147,0.000000,61.200000,-100.000000
148,0.000000,64.600000,-100.000000
149,0.000000,68.000000,-100.000000
150,0.000000,71.400000,-100.000000
151,0.000000,74.800000,-100.000000
152,0.000000,78.200000,-100.000000
153,0.000000,81.600000,-100.000000
154,0.000000,85.000000,-100.000000
155,0.000000,88.400000,-100.000000
156,0.000000,91.800000,-100.000000
157,0.000000,95.200000,-100.000000
158,0.000000,98.600000,-100.000000
159,0.000000,102.000000,-100.000000
160,0.000000,105.400000,-100.000000
161,0.000000,0.000000,-125.000000
162,0.000000,3.400000,-125.000000
163,0.000000,6.800000,-125.000000
164,0.000000,10.200000,-125.000000
165,0.000000,13.600000,-125.000000
166,0.000000,17.000000,-125.000000
167,0.000000,20.400000,-125.000000
168,0.000000,23.800000,-125.000000
169,0.000000,27.200000,-125.000000
170,0.000000,30.600000,-125.000000
171,0.000000,34.000000,-125.000000
172,0.000000,37.400000,-125.000000
173,0.000000,40.800000,-125.000000
174,0.000000,44.200000,-125.000000
175,0.000000,47.600000,-125.000000
176,0.000000,51.000000,-125.000000
177,0.000000,54.400000,-125.000000
178,0.000000,57.800000,-125.000000
179,0.000000,61.200000,-125.000000
180,0.000000,64.600000,-125.000000
181,0.000000,68.000000,-125.000000
182,0.000000,71.400000,-125.000000
183,0.000000,74.800000,-125.000000
184,0.000000,78.200000,-125.000000
185,0.000000,81.600000,-125.000000
186,0.000000,85.000000,-125.000000
187,0.000000,88.400000,-125.000000
188,0.000000,91.800000,-125.000000
189,0.000000,95.200000,-125.000000
190,0.000000,98.600000,-125.000000
191,0.000000,102.000000,-125.000000
192,0.000000,105.400000,-125.000000
193,0.000000,0.000000,-150.000000
194,0.000000,3.400000,-150.000000
195,0.000000,6.800000,-150.000000
196,0.000000,10.200000,-150.000000
197,0.000000,13.600000,-150.000000
198,0.000000,17.000000,-150.000000
199,0.000000,20.400000,-150.000000
200,0.000000,23.800000,-150.000000
201,0.000000,27.200000,-150.000000
202,0.000000,30.600000,-150.000000
203,0.000000,34.000000,-150.000000
204,0.000000,37.400000,-150.000000
205,0.000000,40.800000,-150.000000
206,0.000000,44.200000,-150.000000
207,0.000000,47.600000,-150.000000
208,0.000000,51.000000,-150.000000
209,0.000000,54.400000,-150.000000
210,0.000000,57.800000,-150.000000
211,0.000000,61.200000,-150.000000
212,0.000000,64.600000,-150.000000
213,0.000000,68.000000,-150.000000
214,0.000000,71.400000,-150.000000
215,0.000000,74.800000,-150.000000
216,0.000000,78.200000,-150.000000
217,0.000000,81.600000,-150.000000
218,0.000000,85.000000,-150.000000
219,0.000000,88.400000,-150.000000
220,0.000000,91.800000,-150.000000
221,0.000000,95.200000,-150.000000
222,0.000000,98.600000,-150.000000
223,0.000000,102.000000,-150.000000
224,0.000000,105.400000,-150.000000

triad,"e1(1)","e1(2)","e1(3)","e2(1)","e2(2)","e2(3)","e3(1)","e3(2)","e3(3)"
1,0.294755,-0.000000,0.955573,-0.955573,0.000000,0.294755,-0.000000,-1.000000,-0.000000
2,0.781831,-0.000000,0.623490,-0.623490,0.000000,0.781831,-0.000000,-1.000000,-0.000000
3,0.997204,-0.000000,0.074730,-0.074730,0.000000,0.997204,-0.000000,-1.000000,-0.000000
4,0.866025,-0.000000,-0.500000,0.500000,0.000000,0.866025,-0.000000,-1.000000,-0.000000
5,0.433884,-0.000000,-0.900969,0.900969,0.000000,0.433884,-0.000000,-1.000000,-0.000000
6,-0.149042,0.000000,-0.988831,0.988831,0.000000,-0.149042,-0.000000,-1.000000,-0.000000
7,-0.680173,0.000000,-0.733052,0.733052,0.000000,-0.680173,-0.000000,-1.000000,-0.000000
8,-0.974928,0.000000,-0.222521,0.222521,0.000000,-0.974928,-0.000000,-1.000000,-0.000000
9,-0.930874,-0.000000,0.365341,-0.365341,0.000000,-0.930874,-0.000000,-1.000000,-0.000000
10,-0.563320,-0.000000,0.826239,-0.826239,0.000000,-0.563320,-0.000000,-1.000000,-0.000000
11,-0.000000,-0.000000,1.000000,-1.000000,0.000000,-0.000000,-0.000000,-1.000000,-0.000000
12,0.563320,-0.000000,0.826239,-0.826239,0.000000,0.563320,-0.000000,-1.000000,-0.000000
13,0.930874,-0.000000,0.365341,-0.365341,0.000000,0.930874,-0.000000,-1.000000,-0.000000
14,0.974928,-0.000000,-0.222521,0.222521,0.000000,0.974928,-0.000000,-1.000000,-0.000000
15,0.680173,-0.000000,-0.733052,0.733052,0.000000,0.680173,-0.000000,-1.000000,-0.000000
16,0.149042,-0.000000,-0.988831,0.988831,0.000000,0.149042,-0.000000,-1.000000,-0.000000
17,-0.433884,0.000000,-0.900969,0.900969,0.000000,-0.433884,-0.000000,-1.000000,-0.000000
18,-0.866025,0.000000,-0.500000,0.500000,0.000000,-0.866025,-0.000000,-1.000000,-0.000000
19,-0.997204,-0.000000,0.074730,-0.074730,0.000000,-0.997204,-0.000000,-1.000000,-0.000000
20,-0.781831,-0.000000,0.623490,-0.623490,0.000000,-0.781831,-0.000000,-1.000000,-0.000000
21,-0.294755,-0.000000,0.955573,-0.955573,0.000000,-0.294755,-0.000000,-1.000000,-0.000000
22,0.294755,-0.000000,0.955573,-0.955573,0.000000,0.294755,-0.000000,-1.000000,-0.000000
23,0.781831,-0.000000,0.623490,-0.623490,0.000000,0.781831,-0.000000,-1.000000,-0.000000
24,0.997204,-0.000000,0.074730,-0.074730,0.000000,0.997204,-0.000000,-1.000000,-0.000000
25,0.866025,-0.000000,-0.500000,0.500000,0.000000,0.866025,-0.000000,-1.000000,-0.000000
26,0.433884,-0.000000,-0.900969,0.900969,0.000000,0.433884,-0.000000,-1.000000,-0.000000
27,-0.149042,0.000000,-0.988831,0.988831,0.000000,-0.149042,-0.000000,-1.000000,-0.000000
28,-0.680173,0.000000,-0.733052,0.733052,0.000000,-0.680173,-0.000000,-1.000000,-0.000000
29,-0.974928,0.000000,-0.222521,0.222521,0.000000,-0.974928,-0.000000,-1.000000,-0.000000
30,-0.930874,-0.000000,0.365341,-0.365341,0.000000,-0.930874,-0.000000,-1.000000,-0.000000
31,-0.563320,-0.000000,0.826239,-0.826239,0.000000,-0.563320,-0.000000,-1.000000,-0.000000
32,-0.000000,-0.000000,1.000000,-1.000000,0.000000,-0.000000,-0.000000,-1.000000,-0.000000
33,0.294755,0.000000,0.955573,0.955573,0.000000,-0.294755,-0.000000,1.000000,-0.000000
34,0.781831,0.000000,0.623490,0.623490,0.000000,-0.781831,-0.000000,1.000000,-0.000000
35,0.997204,0.000000,0.074730,0.074730,0.000000,-0.997204,-0.000000,1.000000,-0.000000
36,0.866025,-0.000000,-0.500000,-0.500000,0.000000,-0.866025,-0.000000,1.000000,-0.000000
37,0.433884,-0.000000,-0.900969,-0.900969,0.000000,-0.433884,-0.000000,1.000000,-0.000000
38,-0.149042,-0.000000,-0.988831,-0.988831,0.000000,0.149042,-0.000000,1.000000,-0.000000
39,-0.680173,-0.000000,-0.733052,-0.733052,0.000000,0.680173,-0.000000,1.000000,-0.000000
40,-0.974928,-0.000000,-0.222521,-0.222521,0.000000,0.974928,-0.000000,1.000000,-0.000000
41,-0.930874,-0.000000,0.365341,0.365341,0.000000,0.930874,-0.000000,1.000000,-0.000000
42,-0.563320,-0.000000,0.826239,0.826239,0.000000,0.563320,-0.000000,1.000000,-0.000000
43,-0.000000,-0.000000,1.000000,1.000000,0.000000,0.000000,-0.000000,1.000000,-0.000000
44,0.563320,0.000000,0.826239,0.826239,0.000000,-0.563320,-0.000000,1.000000,-0.000000
45,0.930874,0.000000,0.365341,0.365341,0.000000,-0.930874,-0.000000,1.000000,-0.000000
46,0.974928,-0.000000,-0.222521,-0.222521,0.000000,-0.974928,-0.000000,1.000000,-0.000000
47,0.680173,-0.000000,-0.733052,-0.733052,0.000000,-0.680173,-0.000000,1.000000,-0.000000
48,0.149042,-0.000000,-0.988831,-0.988831,0.000000,-0.149042,-0.000000,1.000000,-0.000000
49,-0.433884,-0.000000,-0.900969,-0.900969,0.000000,0.433884,-0.000000,1.000000,-0.000000
50,-0.866025,-0.000000,-0.500000,-0.500000,0.000000,0.866025,-0.000000,1.000000,-0.000000
51,-0.997204,-0.000000,0.074730,0.074730,0.000000,0.997204,-0.000000,1.000000,-0.000000
52,-0.781831,-0.000000,0.623490,0.623490,0.000000,0.781831,-0.000000,1.000000,-0.000000
53,-0.294755,-0.000000,0.955573,0.955573,0.000000,0.294755,-0.000000,1.000000,-0.000000
54,0.294755,0.000000,0.955573,0.955573,0.000000,-0.294755,-0.000000,1.000000,-0.000000
55,0.781831,0.000000,0.623490,0.623490,0.000000,-0.781831,-0.000000,1.000000,-0.000000
56,0.997204,0.000000,0.074730,0.074730,0.000000,-0.997204,-0.000000,1.000000,-0.000000
57,0.866025,-0.000000,-0.500000,-0.500000,0.000000,-0.866025,-0.000000,1.000000,-0.000000
58,0.433884,-0.000000,-0.900969,-0.900969,0.000000,-0.433884,-0.000000,1.000000,-0.000000
59,-0.149042,-0.000000,-0.988831,-0.988831,0.000000,0.149042,-0.000000,1.000000,-0.000000
60,-0.680173,-0.000000,-0.733052,-0.733052,0.000000,0.680173,-0.000000,1.000000,-0.000000
61,-0.974928,-0.000000,-0.222521,-0.222521,0.000000,0.974928,-0.000000,1.000000,-0.000000
62,-0.930874,-0.000000,0.365341,0.365341,0.000000,0.930874,-0.000000,1.000000,-0.000000
63,-0.563320,-0.000000,0.826239,0.826239,0.000000,0.563320,-0.000000,1.000000,-0.000000
64,-0.000000,-0.000000,1.000000,1.000000,0.000000,0.000000,-0.000000,1.000000,-0.000000
65,0.294755,-0.000000,0.955573,-0.955573,0.000000,0.294755,-0.000000,-1.000000,-0.000000
66,0.781831,-0.000000,0.623490,-0.623490,0.000000,0.781831,-0.000000,-1.000000,-0.000000
67,0.997204,-0.000000,0.074730,-0.074730,0.000000,0.997204,-0.000000,-1.000000,-0.000000
68,0.866025,-0.000000,-0.500000,0.500000,0.000000,0.866025,-0.000000,-1.000000,-0.000000
69,0.433884,-0.000000,-0.900969,0.900969,0.000000,0.433884,-0.000000,-1.000000,-0.000000
70,-0.149042,0.000000,-0.988831,0.988831,0.000000,-0.149042,-0.000000,-1.000000,-0.000000
71,-0.680173,0.000000,-0.733052,0.733052,0.000000,-0.680173,-0.000000,-1.000000,-0.000000
72,-0.974928,0.000000,-0.222521,0.222521,0.000000,-0.974928,-0.000000,-1.000000,-0.000000
73,-0.930874,-0.000000,0.365341,-0.365341,0.000000,-0.930874,-0.000000,-1.000000,-0.000000
74,-0.563320,-0.000000,0.826239,-0.826239,0.000000,-0.563320,-0.000000,-1.000000,-0.000000
75,-0.000000,-0.000000,1.000000,-1.000000,0.000000,-0.000000,-0.000000,-1.000000,-0.000000
76,0.563320,-0.000000,0.826239,-0.826239,0.000000,0.563320,-0.000000,-1.000000,-0.000000
77,0.930874,-0.000000,0.365341,-0.365341,0.000000,0.930874,-0.000000,-1.000000,-0.000000
78,0.974928,-0.000000,-0.222521,0.222521,0.000000,0.974928,-0.000000,-1.000000,-0.000000
79,0.680173,-0.000000,-0.733052,0.733052,0.000000,0.680173,-0.000000,-1.000000,-0.000000
80,0.149042,-0.000000,-0.988831,0.988831,0.000000,0.149042,-0.000000,-1.000000,-0.000000
81,-0.433884,0.000000,-0.900969,0.900969,0.000000,-0.433884,-0.000000,-1.000000,-0.000000
82,-0.866025,0.000000,-0.500000,0.500000,0.000000,-0.866025,-0.000000,-1.000000,-0.000000
83,-0.997204,-0.000000,0.074730,-0.074730,0.000000,-0.997204,-0.000000,-1.000000,-0.000000
84,-0.781831,-0.000000,0.623490,-0.623490,0.000000,-0.781831,-0.000000,-1.000000,-0.000000
85,-0.294755,-0.000000,0.955573,-0.955573,0.000000,-0.294755,-0.000000,-1.000000,-0.000000
86,0.294755,-0.000000,0.955573,-0.955573,0.000000,0.294755,-0.000000,-1.000000,-0.000000
87,0.781831,-0.000000,0.623490,-0.623490,0.000000,0.781831,-0.000000,-1.000000,-0.000000
88,0.997204,-0.000000,0.074730,-0.074730,0.000000,0.997204,-0.000000,-1.000000,-0.000000
89,0.866025,-0.000000,-0.500000,0.500000,0.000000,0.866025,-0.000000,-1.000000,-0.000000
90,0.433884,-0.000000,-0.900969,0.900969,0.000000,0.433884,-0.000000,-1.000000,-0.000000
91,-0.149042,0.000000,-0.988831,0.988831,0.000000,-0.149042,-0.000000,-1.000000,-0.000000
92,-0.680173,0.000000,-0.733052,0.733052,0.000000,-0.680173,-0.000000,-1.000000,-0.000000
93,-0.974928,0.000000,-0.222521,0.222521,0.000000,-0.974928,-0.000000,-1.000000,-0.000000
94,-0.930874,-0.000000,0.365341,-0.365341,0.000000,-0.930874,-0.000000,-1.000000,-0.000000
95,-0.563320,-0.000000,0.826239,-0.826239,0.000000,-0.563320,-0.000000,-1.000000,-0.000000
96,-0.000000,-0.000000,1.000000,-1.000000,0.000000,-0.000000,-0.000000,-1.000000,-0.000000
97,0.294755,0.000000,0.955573,0.955573,0.000000,-0.294755,-0.000000,1.000000,-0.000000
98,0.781831,0.000000,0.623490,0.623490,0.000000,-0.781831,-0.000000,1.000000,-0.000000
99,0.997204,0.000000,0.074730,0.074730,0.000000,-0.997204,-0.000000,1.000000,-0.000000
100,0.866025,-0.000000,-0.500000,-0.500000,0.000000,-0.866025,-0.000000,1.000000,-0.000000
101,0.433884,-0.000000,-0.900969,-0.900969,0.000000,-0.433884,-0.000000,1.000000,-0.000000
102,-0.149042,-0.000000,-0.988831,-0.988831,0.000000,0.149042,-0.000000,1.000000,-0.000000
103,-0.680173,-0.000000,-0.733052,-0.733052,0.000000,0.680173,-0.000000,1.000000,-0.000000
104,-0.974928,-0.000000,-0.222521,-0.222521,0.000000,0.974928,-0.000000,1.000000,-0.000000
105,-0.930874,-0.000000,0.365341,0.365341,0.000000,0.930874,-0.000000,1.000000,-0.000000
106,-0.563320,-0.000000,0.826239,0.826239,0.000000,0.563320,-0.000000,1.000000,-0.000000
107,-0.000000,-0.000000,1.000000,1.000000,0.000000,0.000000,-0.000000,1.000000,-0.000000
108,0.563320,0.000000,0.826239,0.826239,0.000000,-0.563320,-0.000000,1.000000,-0.000000
109,0.930874,0.000000,0.365341,0.365341,0.000000,-0.930874,-0.000000,1.000000,-0.000000
110,0.974928,-0.000000,-0.222521,-0.222521,0.000000,-0.974928,-0.000000,1.000000,-0.000000
111,0.680173,-0.000000,-0.733052,-0.733052,0.000000,-0.680173,-0.000000,1.000000,-0.000000
112,0.149042,-0.000000,-0.988831,-0.988831,0.000000,-0.149042,-0.000000,1.000000,-0.000000
113,-0.433884,-0.000000,-0.900969,-0.900969,0.000000,0.433884,-0.000000,1.000000,-0.000000
114,-0.866025,-0.000000,-0.500000,-0.500000,0.000000,0.866025,-0.000000,1.000000,-0.000000
115,-0.997204,-0.000000,0.074730,0.074730,0.000000,0.997204,-0.000000,1.000000,-0.000000
116,-0.781831,-0.000000,0.623490,0.623490,0.000000,0.781831,-0.000000,1.000000,-0.000000
117,-0.294755,-0.000000,0.955573,0.955573,0.000000,0.294755,-0.000000,1.000000,-0.000000
118,0.294755,0.000000,0.955573,0.955573,0.000000,-0.294755,-0.000000,1.000000,-0.000000
119,0.781831,0.000000,0.623490,0.623490,0.000000,-0.781831,-0.000000,1.000000,-0.000000
120,0.997204,0.000000,0.074730,0.074730,0.000000,-0.997204,-0.000000,1.000000,-0.000000
121,0.866025,-0.000000,-0.500000,-0.500000,0.000000,-0.866025,-0.000000,1.000000,-0.000000
122,0.433884,-0.000000,-0.900969,-0.900969,0.000000,-0.433884,-0.000000,1.000000,-0.000000
123,-0.149042,-0.000000,-0.988831,-0.988831,0.000000,0.149042,-0.000000,1.000000,-0.000000
124,-0.680173,-0.000000,-0.733052,-0.733052,0.000000,0.680173,-0.000000,1.000000,-0.000000
125,-0.974928,-0.000000,-0.222521,-0.222521,0.000000,0.974928,-0.000000,1.000000,-0.000000
126,-0.930874,-0.000000,0.365341,0.365341,0.000000,0.930874,-0.000000,1.000000,-0.000000
127,-0.563320,-0.000000,0.826239,0.826239,0.000000,0.563320,-0.000000,1.000000,-0.000000
128,-0.000000,-0.000000,1.000000,1.000000,0.000000,0.000000,-0.000000,1.000000,-0.000000
129,0.294755,-0.000000,0.955573,-0.955573,0.000000,0.294755,-0.000000,-1.000000,-0.000000
130,0.781831,-0.000000,0.623490,-0.623490,0.000000,0.781831,-0.000000,-1.000000,-0.000000
131,0.997204,-0.000000,0.074730,-0.074730,0.000000,0.997204,-0.000000,-1.000000,-0.000000
132,0.866025,-0.000000,-0.500000,0.500000,0.000000,0.866025,-0.000000,-1.000000,-0.000000
133,0.433884,-0.000000,-0.900969,0.900969,0.000000,0.433884,-0.000000,-1.000000,-0.000000
134,-0.149042,0.000000,-0.988831,0.988831,0.000000,-0.149042,-0.000000,-1.000000,-0.000000
135,-0.680173,0.000000,-0.733052,0.733052,0.000000,-0.680173,-0.000000,-1.000000,-0.000000
136,-0.974928,0.000000,-0.222521,0.222521,0.000000,-0.974928,-0.000000,-1.000000,-0.000000
137,-0.930874,-0.000000,0.365341,-0.365341,0.000000,-0.930874,-0.000000,-1.000000,-0.000000
138,-0.563320,-0.000000,0.826239,-0.826239,0.000000,-0.563320,-0.000000,-1.000000,-0.000000
139,-0.000000,-0.000000,1.000000,-1.000000,0.000000,-0.000000,-0.000000,-1.000000,-0.000000
140,0.563320,-0.000000,0.826239,-0.826239,0.000000,0.563320,-0.000000,-1.000000,-0.000000
141,0.930874,-0.000000,0.365341,-0.365341,0.000000,0.930874,-0.000000,-1.000000,-0.000000
142,0.974928,-0.000000,-0.222521,0.222521,0.000000,0.974928,-0.000000,-1.000000,-0.000000
143,0.680173,-0.000000,-0.733052,0.733052,0.000000,0.680173,-0.000000,-1.000000,-0.000000
144,0.149042,-0.000000,-0.988831,0.988831,0.000000,0.149042,-0.000000,-1.000000,-0.000000
145,-0.433884,0.000000,-0.900969,0.900969,0.000000,-0.433884,-0.000000,-1.000000,-0.000000
146,-0.866025,0.000000,-0.500000,0.500000,0.000000,-0.866025,-0.000000,-1.000000,-0.000000
147,-0.997204,-0.000000,0.074730,-0.074730,0.000000,-0.997204,-0.000000,-1.000000,-0.000000
148,-0.781831,-0.000000,0.623490,-0.623490,0.000000,-0.781831,-0.000000,-1.000000,-0.000000
149,-0.294755,-0.000000,0.955573,-0.955573,0.000000,-0.294755,-0.000000,-1.000000,-0.000000
150,0.294755,-0.000000,0.955573,-0.955573,0.000000,0.294755,-0.000000,-1.000000,-0.000000
151,0.781831,-0.000000,0.623490,-0.623490,0.000000,0.781831,-0.000000,-1.000000,-0.000000
152,0.997204,-0.000000,0.074730,-0.074730,0.000000,0.997204,-0.000000,-1.000000,-0.000000
153,0.866025,-0.000000,-0.500000,0.500000,0.000000,0.866025,-0.000000,-1.000000,-0.000000
154,0.433884,-0.000000,-0.900969,0.900969,0.000000,0.433884,-0.000000,-1.000000,-0.000000
155,-0.149042,0.000000,-0.988831,0.988831,0.000000,-0.149042,-0.000000,-1.000000,-0.000000
156,-0.680173,0.000000,-0.733052,0.733052,0.000000,-0.680173,-0.000000,-1.000000,-0.000000
157,-0.974928,0.000000,-0.222521,0.222521,0.000000,-0.974928,-0.000000,-1.000000,-0.000000
158,-0.930874,-0.000000,0.365341,-0.365341,0.000000,-0.930874,-0.000000,-1.000000,-0.000000
159,-0.563320,-0.000000,0.826239,-0.826239,0.000000,-0.563320,-0.000000,-1.000000,-0.000000
160,-0.000000,-0.000000,1.000000,-1.000000,0.000000,-0.000000,-0.000000,-1.000000,-0.000000
161,0.294755,0.000000,0.955573,0.955573,0.000000,-0.294755,-0.000000,1.000000,-0.000000
162,0.781831,0.000000,0.623490,0.623490,0.000000,-0.781831,-0.000000,1.000000,-0.000000
163,0.997204,0.000000,0.074730,0.074730,0.000000,-0.997204,-0.000000,1.000000,-0.000000
164,0.866025,-0.000000,-0.500000,-0.500000,0.000000,-0.866025,-0.000000,1.000000,-0.000000
165,0.433884,-0.000000,-0.900969,-0.900969,0.000000,-0.433884,-0.000000,1.000000,-0.000000
166,-0.149042,-0.000000,-0.988831,-0.988831,0.000000,0.149042,-0.000000,1.000000,-0.000000
167,-0.680173,-0.000000,-0.733052,-0.733052,0.000000,0.680173,-0.000000,1.000000,-0.000000
168,-0.974928,-0.000000,-0.222521,-0.222521,0.000000,0.974928,-0.000000,1.000000,-0.000000
169,-0.930874,-0.000000,0.365341,0.365341,0.000000,0.930874,-0.000000,1.000000,-0.000000
170,-0.563320,-0.000000,0.826239,0.826239,0.000000,0.563320,-0.000000,1.000000,-0.000000
171,-0.000000,-0.000000,1.000000,1.000000,0.000000,0.000000,-0.000000,1.000000,-0.000000
172,0.563320,0.000000,0.826239,0.826239,0.000000,-0.563320,-0.000000,1.000000,-0.000000
173,0.930874,0.000000,0.365341,0.365341,0.000000,-0.930874,-0.000000,1.000000,-0.000000
174,0.974928,-0.000000,-0.222521,-0.222521,0.000000,-0.974928,-0.000000,1.000000,-0.000000
175,0.680173,-0.000000,-0.733052,-0.733052,0.000000,-0.680173,-0.000000,1.000000,-0.000000
176,0.149042,-0.000000,-0.988831,-0.988831,0.000000,-0.149042,-0.000000,1.000000,-0.000000
177,-0.433884,-0.000000,-0.900969,-0.900969,0.000000,0.433884,-0.000000,1.000000,-0.000000
178,-0.866025,-0.000000,-0.500000,-0.500000,0.000000,0.866025,-0.000000,1.000000,-0.000000
179,-0.997204,-0.000000,0.074730,0.074730,0.000000,0.997204,-0.000000,1.000000,-0.000000
180,-0.781831,-0.000000,0.623490,0.623490,0.000000,0.781831,-0.000000,1.000000,-0.000000
181,-0.294755,-0.000000,0.955573,0.955573,0.000000,0.294755,-0.000000,1.000000,-0.000000
182,0.294755,0.000000,0.955573,0.955573,0.000000,-0.294755,-0.000000,1.000000,-0.000000
183,0.781831,0.000000,0.623490,0.623490,0.000000,-0.781831,-0.000000,1.000000,-0.000000
184,0.997204,0.000000,0.074730,0.074730,0.000000,-0.997204,-0.000000,1.000000,-0.000000
185,0.866025,-0.000000,-0.500000,-0.500000,0.000000,-0.866025,-0.000000,1.000000,-0.000000
186,0.433884,-0.000000,-0.900969,-0.900969,0.000000,-0.433884,-0.000000,1.000000,-0.000000
187,-0.149042,-0.000000,-0.988831,-0.988831,0.000000,0.149042,-0.000000,1.000000,-0.000000
188,-0.680173,-0.000000,-0.733052,-0.733052,0.000000,0.680173,-0.000000,1.000000,-0.000000
189,-0.974928,-0.000000,-0.222521,-0.222521,0.000000,0.974928,-0.000000,1.000000,-0.000000
190,-0.930874,-0.000000,0.365341,0.365341,0.000000,0.930874,-0.000000,1.000000,-0.000000
191,-0.563320,-0.000000,0.826239,0.826239,0.000000,0.563320,-0.000000,1.000000,-0.000000
192,-0.000000,-0.000000,1.000000,1.000000,0.000000,0.000000,-0.000000,1.000000,-0.000000
193,0.294755,-0.000000,0.955573,-0.955573,0.000000,0.294755,-0.000000,-1.000000,-0.000000
194,0.781831,-0.000000,0.623490,-0.623490,0.000000,0.781831,-0.000000,-1.000000,-0.000000
195,0.997204,-0.000000,0.074730,-0.074730,0.000000,0.997204,-0.000000,-1.000000,-0.000000
196,0.866025,-0.000000,-0.500000,0.500000,0.000000,0.866025,-0.000000,-1.000000,-0.000000
197,0.433884,-0.000000,-0.900969,0.900969,0.000000,0.433884,-0.000000,-1.000000,-0.000000
198,-0.149042,0.000000,-0.988831,0.988831,0.000000,-0.149042,-0.000000,-1.000000,-0.000000
199,-0.680173,0.000000,-0.733052,0.733052,0.000000,-0.680173,-0.000000,-1.000000,-0.000000
200,-0.974928,0.000000,-0.222521,0.222521,0.000000,-0.974928,-0.000000,-1.000000,-0.000000
201,-0.930874,-0.000000,0.365341,-0.365341,0.000000,-0.930874,-0.000000,-1.000000,-0.000000
202,-0.563320,-0.000000,0.826239,-0.826239,0.000000,-0.563320,-0.000000,-1.000000,-0.000000
203,-0.000000,-0.000000,1.000000,-1.000000,0.000000,-0.000000,-0.000000,-1.000000,-0.000000
204,0.563320,-0.000000,0.826239,-0.826239,0.000000,0.563320,-0.000000,-1.000000,-0.000000
205,0.930874,-0.000000,0.365341,-0.365341,0.000000,0.930874,-0.000000,-1.000000,-0.000000
206,0.974928,-0.000000,-0.222521,0.222521,0.000000,0.974928,-0.000000,-1.000000,-0.000000
207,0.680173,-0.000000,-0.733052,0.733052,0.000000,0.680173,-0.000000,-1.000000,-0.000000
208,0.149042,-0.000000,-0.988831,0.988831,0.000000,0.149042,-0.000000,-1.000000,-0.000000
209,-0.433884,0.000000,-0.900969,0.900969,0.000000,-0.433884,-0.000000,-1.000000,-0.000000
210,-0.866025,0.000000,-0.500000,0.500000,0.000000,-0.866025,-0.000000,-1.000000,-0.000000
211,-0.997204,-0.000000,0.074730,-0.074730,0.000000,-0.997204,-0.000000,-1.000000,-0.000000
212,-0.781831,-0.000000,0.623490,-0.623490,0.000000,-0.781831,-0.000000,-1.000000,-0.000000
213,-0.294755,-0.000000,0.955573,-0.955573,0.000000,-0.294755,-0.000000,-1.000000,-0.000000
214,0.294755,-0.000000,0.955573,-0.955573,0.000000,0.294755,-0.000000,-1.000000,-0.000000
215,0.781831,-0.000000,0.623490,-0.623490,0.000000,0.781831,-0.000000,-1.000000,-0.000000
216,0.997204,-0.000000,0.074730,-0.074730,0.000000,0.997204,-0.000000,-1.000000,-0.000000
217,0.866025,-0.000000,-0.500000,0.500000,0.000000,0.866025,-0.000000,-1.000000,-0.000000
218,0.433884,-0.000000,-0.900969,0.900969,0.000000,0.433884,-0.000000,-1.000000,-0.000000
219,-0.149042,0.000000,-0.988831,0.988831,0.000000,-0.149042,-0.000000,-1.000000,-0.000000
220,-0.680173,0.000000,-0.733052,0.733052,0.000000,-0.680173,-0.000000,-1.000000,-0.000000
221,-0.974928,0.000000,-0.222521,0.222521,0.000000,-0.974928,-0.000000,-1.000000,-0.000000
222,-0.930874,-0.000000,0.365341,-0.365341,0.000000,-0.930874,-0.000000,-1.000000,-0.000000
223,-0.563320,-0.000000,0.826239,-0.826239,0.000000,-0.563320,-0.000000,-1.000000,-0.000000
224,-0.000000,-0.000000,1.000000,-1.000000,0.000000,-0.000000,-0.000000,-1.000000,-0.000000

id_nt,id1,id2
1,1,2
2,3,4
3,5,6
4,7,8
5,9,10
6,11,12
7,13,14
8,15,16
9,17,18
10,19,20
11,21,22
12,23,24
13,25,26
14,27,28
15,29,30
16,31,32
17,33,34
18,35,36
19,37,38
20,39,40
21,41,42
22,43,44
23,45,46
24,47,48
25,49,50
26,51,52
27,53,54
28,55,56
29,57,58
30,59,60
31,61,62
32,63,64
33,65,66
34,67,68
35,69,70
36,71,72
37,73,74
38,75,76
39,77,78
40,79,80
41,81,82
42,83,84
43,85,86
44,87,88
45,89,90
46,91,92
47,93,94
48,95,96
49,97,98
50,99,100
51,101,102
52,103,104
53,105,106
54,107,108
55,109,110
56,111,112
57,113,114
58,115,116
59,117,118
60,119,120
61,121,122
62,123,124
63,125,126
64,127,128
65,129,130
66,131,132
67,133,134
68,135,136
69,137,138
70,139,140
71,141,142
72,143,144
73,145,146
74,147,148
75,149,150
76,151,152
77,153,154
78,155,156
79,157,158
80,159,160
81,161,162
82,163,164
83,165,166
84,167,168
85,169,170
86,171,172
87,173,174
88,175,176
89,177,178
90,179,180
91,181,182
92,183,184
93,185,186
94,187,188
95,189,190
96,191,192
97,193,194
98,195,196
99,197,198
100,199,200
101,201,202
102,203,204
103,205,206
104,207,208
105,209,210
106,211,212
107,213,214
108,215,216
109,217,218
110,219,220
111,221,222
112,223,224
113,225,226
114,227,228
115,229,230
116,231,232
117,233,234
118,235,236
119,237,238
120,239,240
121,241,242
122,243,244
123,245,246
124,247,248
125,249,250
126,251,252
127,253,254
128,255,256
129,257,258
130,259,260
131,261,262
132,263,264
133,265,266
134,267,268
135,269,270
136,271,272
137,273,274
138,275,276
139,277,278
140,279,280
141,281,282
142,283,284
143,285,286
144,287,288
145,289,290
146,291,292
147,293,294
148,295,296
149,297,298
150,299,300
151,301,302
152,303,304
153,305,306
154,307,308
155,309,310
156,311,312
157,313,314
158,315,316
159,317,318
160,319,320
161,321,322
162,323,324
163,325,326
164,327,328
165,329,330
166,331,332
167,333,334
168,335,336
169,337,338
170,339,340
171,341,342
172,343,344
173,345,346
174,347,348
175,349,350
176,351,352
177,353,354
178,355,356
179,357,358
180,359,360
181,361,362
182,363,364
183,365,366
184,367,368
185,369,370
186,371,372
187,373,374
188,375,376
189,377,378
190,379,380
191,381,382
192,383,384
193,385,386
194,387,388
195,389,390
196,391,392
197,393,394
198,395,396
199,397,398
200,399,400
201,401,402
202,403,404
203,405,406
204,407,408
205,409,410
206,411,412
207,413,414
208,415,416
209,417,418
210,419,420
211,421,422
212,423,424
213,425,426
214,427,428
215,429,430
216,431,432
217,433,434
218,435,436
219,437,438
220,439,440
221,441,442
222,443,444
223,445,446
224,447,448
